010011001001111101001001
010011001001111101001001
010011001001111101001001
010011001001111101001001
000000000000000000000000
000000000000000000000000
000000000000000000000000
010011001001111101001001
011000101110000101011110
011000101110000101011110
011000101110000101011110
011000101110000101011110
011000101110000101011110
011000101110000101011110
011000101110000101011110
011000101110000101011110
010011001001111101001001
010011001001111101001001
010011001001111101001001
010011001001111101001001
000000000000000000000000
010011001001111101001001
010011001001111101001001
000000000000000000000000
011000101110000101011110
011000101110000101011110
011000101110000101011110
011000101110000101011110
011000101110000101011110
011000101110000101011110
011000101110000101011110
011000101110000101011110
010011001001111101001001
010011001001111101001001
010011001001111101001001
010011001001111101001001
000000000000000000000000
010011001001111101001001
010011001001111101001001
010011001001111101001001
000000000000000000000000
011000101110000101011110
011000101110000101011110
011000101110000101011110
011000101110000101011110
011000101110000101011110
011000101110000101011110
011000101110000101011110
010011001001111101001001
010011001001111101001001
010011001001111101001001
010011001001111101001001
010011001001111101001001
000000000000000000000000
010011001001111101001001
010011001001111101001001
000000000000000000000000
011000101110000101011110
011000101110000101011110
000000000000000000000000
000000000000000000000000
000000000000000000000000
000000000000000000000000
011000101110000101011110
010011001001111101001001
010011001001111101001001
010011001001111101001001
010011001001111101001001
010011001001111101001001
010011001001111101001001
000000000000000000000000
010011001001111101001001
000000000000000000000000
011000101110000101011110
000000000000000000000000
010011001001111101001001
010011001001111101001001
010011001001111101001001
010011001001111101001001
000000000000000000000000
010011001001111101001001
010011001001111101001001
010011001001111101001001
010011001001111101001001
000000000000000000000000
000000000000000000000000
000000000000000000000000
010011001001111101001001
000000000000000000000000
000000000000000000000000
010011001001111101001001
010011001001111101001001
010011001001111101001001
010011001001111101001001
000000000000000000000000
011000101110000101011110
010011001001111101001001
010011001001111101001001
000000000000000000000000
000000000000000000000000
111111111010010000011011
111111111010010000011011
111111111010010000011011
000000000000000000000000
000000000000000000000000
010011001001111101001001
010011001001111101001001
010011001001111101001001
010011001001111101001001
000000000000000000000000
011000101110000101011110
011000101110000101011110
010011001001111101001001
000000000000000000000000
111111111010010000011011
111111111010010000011011
111111111111111111111111
111111111111111111111111
111111111010010000011011
111111111010010000011011
000000000000000000000000
000000000000000000000000
000000000000000000000000
000000000000000000000000
000000000000000000000000
011000101110000101011110
011000101110000101011110
011000101110000101011110
000000000000000000000000
111111111010010000011011
111111111010010000011011
111111111111111111111111
111111111010010000011011
111111111010010000011011
111111111010010000011011
111111111010010000011011
000000000000000000000000
111111111010010000011011
000000000000000000000000
010011001001111101001001
010011001001111101001001
010011001001111101001001
010011001001111101001001
010011001001111101001001
000000000000000000000000
111111111010010000011011
111111111111111111111111
111111111010010000011011
111111111010010000011011
111111111010010000011011
111111111010010000011011
111111111010010000011011
111111111010010000011011
111111111010010000011011
111111111010010000011011
000000000000000000000000
010011001001111101001001
010011001001111101001001
010011001001111101001001
010011001001111101001001
000000000000000000000000
111111111010010000011011
111111111111111111111111
111111111010010000011011
111111111010010000011011
111111111010010000011011
111111111010010000011011
111111111010010000011011
111111111010010000011011
111111111010010000011011
111111111010010000011011
000000000000000000000000
010011001001111101001001
010011001001111101001001
010011001001111101001001
010011001001111101001001
000000000000000000000000
111111111010010000011011
111111111010010000011011
111111111010010000011011
111111111010010000011011
111111111010010000011011
111111111010010000011011
111111111010010000011011
111111111010010000011011
111111111010010000011011
111111111010010000011011
000000000000000000000000
010011001001111101001001
010011001001111101001001
010011001001111101001001
010011001001111101001001
000000000000000000000000
111111111010010000011011
111111111010010000011011
111111111010010000011011
111111111010010000011011
111111111010010000011011
111111111010010000011011
111111111010010000011011
111111111010010000011011
111111111010010000011011
111111111010010000011011
000000000000000000000000
010011001001111101001001
010011001001111101001001
010011001001111101001001
010011001001111101001001
011000101110000101011110
000000000000000000000000
111111111010010000011011
111111111010010000011011
111111111010010000011011
111111111010010000011011
111111111010010000011011
111111111010010000011011
111111111010010000011011
111111111010010000011011
000000000000000000000000
010011001001111101001001
010011001001111101001001
010011001001111101001001
010011001001111101001001
010011001001111101001001
011000101110000101011110
011000101110000101011110
000000000000000000000000
111111111010010000011011
111111111010010000011011
111111111010010000011011
111111111010010000011011
111111111010010000011011
111111111010010000011011
000000000000000000000000
010011001001111101001001
010011001001111101001001
010011001001111101001001
010011001001111101001001
010011001001111101001001
010011001001111101001001
011000101110000101011110
011000101110000101011110
011000101110000101011110
000000000000000000000000
000000000000000000000000
000000000000000000000000
000000000000000000000000
000000000000000000000000
000000000000000000000000
010011001001111101001001
010011001001111101001001
010011001001111101001001
010011001001111101001001
010011001001111101001001
010011001001111101001001
010011001001111101001001
