010011001001111101001001
010011001001111101001001
010011001001111101001001
010011001001111101001001
010011001001111101001001
010011001001111101001001
010011001001111101001001
010011001001111101001001
011000101110000101011110
011000101110000101011110
011000101110000101011110
011000101110000101011110
011000101110000101011110
011000101110000101011110
011000101110000101011110
011000101110000101011110
010011001001111101001001
010011001001111101001001
010011001001111101001001
010011001001111101001001
010011001001111101001001
010011001001111101001001
010011001001111101001001
010011001001111101001001
011000101110000101011110
011000101110000101011110
000000000000000000000000
000000000000000000000000
011000101110000101011110
011000101110000101011110
011000101110000101011110
011000101110000101011110
010011001001111101001001
010011001001111101001001
010011001001111101001001
010011001001111101001001
010011001001111101001001
010011001001111101001001
010011001001111101001001
010011001001111101001001
000000000000000000000000
000000000000000000000000
010011001001111101001001
010011001001111101001001
000000000000000000000000
011000101110000101011110
011000101110000101011110
011000101110000101011110
010011001001111101001001
010011001001111101001001
010011001001111101001001
010011001001111101001001
010011001001111101001001
010011001001111101001001
010011001001111101001001
000000000000000000000000
100110010100110000000000
010011001001111101001001
010011001001111101001001
010011001001111101001001
010011001001111101001001
000000000000000000000000
011000101110000101011110
011000101110000101011110
010011001001111101001001
010011001001111101001001
010011001001111101001001
010011001001111101001001
000000000000000000000000
000000000000000000000000
000000000000000000000000
100110010100110000000000
000000000000000000000000
000000000000000000000000
000000000000000000000000
000000000000000000000000
010011001001111101001001
000000000000000000000000
011000101110000101011110
011000101110000101011110
010011001001111101001001
010011001001111101001001
010011001001111101001001
000000000000000000000000
111111110000000000000000
111111110000000000000000
111111110000000000000000
100110010100110000000000
111111110000000000000000
111111110000000000000000
111111110000000000000000
000000000000000000000000
000000000000000000000000
011000101110000101011110
011000101110000101011110
011000101110000101011110
010011001001111101001001
010011001001111101001001
000000000000000000000000
111111110000000000000000
111111110000000000000000
111111110000000000000000
111111110000000000000000
100110010100110000000000
111111110000000000000000
111111110000000000000000
111111110000000000000000
000000000000000000000000
011000101110000101011110
011000101110000101011110
011000101110000101011110
011000101110000101011110
010011001001111101001001
010011001001111101001001
000000000000000000000000
111111110000000000000000
111111110000000000000000
110000001100000011000000
110000001100000011000000
111111110000000000000000
111111110000000000000000
111111110000000000000000
111111110000000000000000
000000000000000000000000
011000101110000101011110
011000101110000101011110
011000101110000101011110
011000101110000101011110
011000101110000101011110
011000101110000101011110
000000000000000000000000
111111110000000000000000
110000001100000011000000
111111111111111111111111
111111111111111111111111
111111110000000000000000
111111110000000000000000
111111110000000000000000
111111110000000000000000
000000000000000000000000
010011001001111101001001
010011001001111101001001
010011001001111101001001
010011001001111101001001
011000101110000101011110
011000101110000101011110
000000000000000000000000
111111110000000000000000
111111110000000000000000
111111111111111111111111
110000001100000011000000
111111110000000000000000
111111110000000000000000
111111110000000000000000
111111110000000000000000
000000000000000000000000
010011001001111101001001
010011001001111101001001
010011001001111101001001
010011001001111101001001
011000101110000101011110
011000101110000101011110
000000000000000000000000
111111110000000000000000
111111110000000000000000
111111110000000000000000
111111110000000000000000
111111110000000000000000
111111110000000000000000
111111110000000000000000
111111110000000000000000
000000000000000000000000
010011001001111101001001
010011001001111101001001
010011001001111101001001
010011001001111101001001
011000101110000101011110
011000101110000101011110
011000101110000101011110
000000000000000000000000
111111110000000000000000
111111110000000000000000
111111110000000000000000
111111110000000000000000
111111110000000000000000
111111110000000000000000
111111110000000000000000
000000000000000000000000
010011001001111101001001
010011001001111101001001
010011001001111101001001
010011001001111101001001
011000101110000101011110
011000101110000101011110
011000101110000101011110
011000101110000101011110
000000000000000000000000
111111110000000000000000
111111110000000000000000
111111110000000000000000
111111110000000000000000
111111110000000000000000
000000000000000000000000
010011001001111101001001
010011001001111101001001
010011001001111101001001
010011001001111101001001
010011001001111101001001
011000101110000101011110
011000101110000101011110
011000101110000101011110
011000101110000101011110
011000101110000101011110
000000000000000000000000
000000000000000000000000
000000000000000000000000
000000000000000000000000
000000000000000000000000
010011001001111101001001
010011001001111101001001
010011001001111101001001
010011001001111101001001
010011001001111101001001
010011001001111101001001
011000101110000101011110
011000101110000101011110
011000101110000101011110
011000101110000101011110
011000101110000101011110
011000101110000101011110
011000101110000101011110
011000101110000101011110
010011001001111101001001
010011001001111101001001
010011001001111101001001
010011001001111101001001
010011001001111101001001
010011001001111101001001
010011001001111101001001
010011001001111101001001
011000101110000101011110
011000101110000101011110
011000101110000101011110
011000101110000101011110
011000101110000101011110
011000101110000101011110
011000101110000101011110
011000101110000101011110
010011001001111101001001
010011001001111101001001
010011001001111101001001
010011001001111101001001
010011001001111101001001
010011001001111101001001
010011001001111101001001
010011001001111101001001
